221119
311222
311223
311311
311312
311320
311330
311711
311712
311822
311823
312210
312221
312229
313111
313112
313113
313221
313222
313241
313249
313311
313312
314121
314129
314911
314912
314991
314992
315111
315119
315191
315192
315211
315212
315221
315222
315223
315224
315225
315228
315231
315232
315233
315234
315239
315291
315292
315299
315991
315992
315993
315999
316211
316212
316213
316214
316219
316991
316993
316999
322213
322214
322215
322221
322222
322223
322224
322225
322226
322231
322232
322233
323110
323112
323114
323115
323116
323118
323119
323121
323122
325131
325132
325181
325182
325188
325191
325192
325221
325222
326192
327111
327112
327113
327121
327122
327123
327124
327125
331111
331112
331311
331312
331316
331319
331411
331419
331421
331422
331423
331521
331522
331525
331528
332115
332116
332211
332212
332213
332214
332611
332612
332995
332997
332998
333210
333220
333291
333292
333293
333294
333295
333298
333311
333312
333313
333315
333319
333411
333412
333512
333513
333516
333518
334113
334119
334411
334414
334415
334518
334611
334612
335211
335212
336311
336312
336321
336322
336391
336399
337129
339111
339911
339912
339913
339914
339931
339932
339941
339942
339943
339944
441221
441229
443111
443112
443120
443130
451220
454311
454312
454319
516110
517211
517212
517310
517510
517910
518111
518112
525930
541710
561310
722110
722211
722212
722213
